#	au/	au_{d} vs n_{unpack}/N
1.766 100

2.852 99

11.458 98

12.558 97

23.32 96

41.992000000000004 95

45.706 94

47.148 93

61.738 92

65.638 91

69.21799999999999 90

74.84400000000001 89

79.59400000000001 88

81.76 87

94.042 86

107.20599999999999 85

114.18199999999999 84

119.258 83

127.80199999999999 82

138.776 81

161.8 80

166.56199999999998 79

170.926 78

214.186 77

264.01599999999996 76

283.37399999999997 75

284.68600000000004 74

305.44 73

328.786 72

359.26 71

362.87800000000004 70

385.786 69

434.45799999999997 68

462.94399999999996 67

479.158 66

499.412 65

504.526 64

507.35200000000003 63

512.3979999999999 62

523.87 61

559.592 60

565.642 59

575.332 58

576.346 57

577.13 56

586.1 55

590.172 54

602.952 53

629.818 52

634.508 51

646.134 50

651.4939999999999 49

678.944 48

681.194 47

683.956 46

928.6899999999999 45

930.1 44

941.9219999999999 43

942.8280000000001 42

958.902 41

1099.346 40

1115.978 39

1212.536 38

1224.522 37

1331.822 36

1333.618 35

1443.658 34

1449.338 33

1450.9540000000002 32

1464.278 31

1465.5639999999999 30

1470.316 29

1612.04 28

1717.7060000000001 27

1726.2779999999998 26

1727.628 25

1771.684 24

1777.372 23

1800.4779999999998 22

2179.718 21

2183.888 20

2187.532 19

2197.07 18

2307.402 17

2362.31 16

2372.898 15

2378.436 14

2425.942 13

2793.848 12

2961.204 11

3018.554 10

3033.7439999999997 9

3034.904 8

3055.676 7

3062.436 6

3071.582 5

3074.214 4

3092.42 3

3134.596 2

3138.416 1

