#	au/	au_{d} vs n_{unpack}/N
0.442 100

3.896 99

7.014 98

9.209999999999999 97

23.791999999999998 96

29.776 95

38.768 94

45.802 93

49.44 92

51.65599999999999 91

56.00599999999999 90

57.778 89

60.246 88

72.384 87

74.268 86

98.568 85

107.46600000000001 84

111.00999999999999 83

115.34200000000001 82

123.75999999999999 81

124.91600000000001 80

129.96800000000002 79

133.446 78

134.722 77

150.514 76

154.02 75

168.978 74

179.474 73

199.32999999999998 72

228.984 71

234.32600000000002 70

240.894 69

244.046 68

244.962 67

248.96999999999997 66

267.608 65

269.28200000000004 64

278.504 63

290.76 62

292.694 61

298.156 60

312.23 59

315.38 58

318.01599999999996 57

319.25 56

336.79200000000003 55

341.81399999999996 54

351.33000000000004 53

360.346 52

366.704 51

390.182 50

396.822 49

399.682 48

404.864 47

406.986 46

409.25 45

410.26800000000003 44

415.922 43

420.11400000000003 42

424.45200000000006 41

443.328 40

445.754 39

450.09399999999994 38

459.19399999999996 37

465.13 36

473.41400000000004 35

487.236 34

494.046 33

499.672 32

509.46400000000006 31

515.46 30

522.408 29

530.458 28

531.982 27

534.8439999999999 26

547.77 25

552.4060000000001 24

570.106 23

580.5640000000001 22

604.124 21

606.558 20

624.9060000000001 19

646.704 18

653.184 17

661.246 16

670.328 15

698.952 14

709.088 13

712.49 12

735.1859999999999 11

736.056 10

740.0899999999999 9

745.418 8

802.2439999999999 7

820.162 6

855.0040000000001 5

1325.3120000000001 4

1365.6879999999999 3

1598.478 2

1601.568 1

