#	au/	au_{d} vs n_{unpack}/N
0.388 100

2.038 99

23.948 98

27.208 97

39.162 96

137.95999999999998 95

139.978 94

218.746 93

229.63600000000002 92

244.416 91

445.70200000000006 90

510.96400000000006 89

567.394 88

572.528 87

576.284 86

577.288 85

579.798 84

586.202 83

937.644 82

986.878 81

1024.2379999999998 80

1026.0520000000001 79

1039.718 78

1077.9479999999999 77

1191.9940000000001 76

1203.566 75

1227.088 74

1231.7540000000001 73

1264.768 72

1265.848 71

1280.04 70

1309.528 69

1391.484 68

1900.5240000000001 67

1905.6979999999999 66

2011.2740000000001 65

2192.824 64

2244.094 63

2250.0080000000003 62

2251.6220000000003 61

2293.1259999999997 60

2321.906 59

2367.136 58

2375.696 57

2418.052 56

2427.528 55

2430.644 54

2459.554 53

2504.752 52

2514.708 51

2518.57 50

2523.388 49

2561.972 48

2568.792 47

2601.0860000000002 46

2603.85 45

2660.402 44

2670.454 43

2680.956 42

2757.212 41

2759.862 40

2770.986 39

2800.068 38

2827.2439999999997 37

3042.952 36

3052.288 35

3281.352 34

3319.4080000000004 33

3340.4199999999996 32

3350.976 31

3398.468 30

3400.0480000000002 29

3498.186 28

3505.822 27

3587.9300000000003 26

3590.398 25

3617.91 24

3619.558 23

3620.35 22

3624.0440000000003 21

3630.818 20

3638.768 19

3690.692 18

3697.1699999999996 17

3719.6940000000004 16

3722.346 15

3724.518 14

3731.398 13

3739.4980000000005 12

3747.65 11

3958.47 10

4042.084 9

4044.6279999999997 8

4048.19 7

4057.2879999999996 6

4061.5980000000004 5

4065.704 4

4074.9800000000005 3

4278.5779999999995 2

4284.4400000000005 1

