#	au/	au_{d} vs n_{unpack}/N
2.6260000000000003 100

4.33 99

5.136 98

22.256 97

24.682 96

40.25 95

42.4 94

78.314 93

84.306 92

93.762 91

150.754 90

167.71800000000002 89

172.99 88

201.212 87

215.81599999999997 86

221.288 85

226.82 84

275.87600000000003 83

480.066 82

502.418 81

514.322 80

527.7479999999999 79

533.688 78

586.1020000000001 77

628.5260000000001 76

638.746 75

826.808 74

997.3979999999999 73

1012.034 72

1074.414 71

1112.964 70

1127.408 69

1147.844 68

1216.888 67

1280.178 66

1297.19 65

1298.964 64

1355.614 63

1358.932 62

1384.01 61

1508.9879999999998 60

1518.518 59

1701.532 58

1724.6080000000002 57

1726.134 56

1728.2259999999999 55

1771.036 54

1775.502 53

1780.318 52

1844.128 51

1846.6680000000001 50

1851.48 49

1856.1580000000001 48

2222.814 47

2253.808 46

2617.402 45

2671.542 44

2685.79 43

2714.0060000000003 42

2716.972 41

2816.942 40

2818.904 39

2911.5 38

2918.034 37

2918.926 36

2936.026 35

3232.532 34

3433.638 33

3464.05 32

3478.1040000000003 31

3688.5199999999995 30

3701.094 29

3713.22 28

3823.6839999999997 27

3827.096 26

3888.624 25

3970.7480000000005 24

3980.014 23

4072.374 22

4075.068 21

4542.7660000000005 20

4551.598 19

4658.618 18

4666.378 17

4822.466 16

4833.008 15

5132.704 14

6624.219999999999 13

6947.978 12

7006.556 11

7064.048 10

7071.242 9

7072.614 8

7075.082 7

7076.43 6

7080.0380000000005 5

7089.4580000000005 4

7118.572 3

7128.902 2

7134.312 1

